id_abonnement;produit_ar_ref;id_adherent;annee;qte;reglt_mois_depart;MR_No;reglt_mois_nb;nb;nb_initial;DO_Piece;id_abonnement_prec;reste_precedent
28127;APS;4;2025;1;1;41;12;50;50;;26928;2
28128;APS;260265;2025;1;1;41;12;50;50;;26153;0
28129;APS15;258899;2025;1;1;41;12;25;25;AFA250172;26155;0
28130;APS15;259553;2025;1;1;5;12;25;25;;26156;0
28131;APS;356;2025;1;1;41;12;50;50;AFA250226;26157;0
28132;APS;258794;2025;1;1;41;12;50;50;;26158;0
28133;APS;21;2025;1;1;41;12;50;50;;26159;0
29223;ABF1;244231;2025;1;1;41;12;50;0;;0;0
28135;APS;220;2025;1;1;41;12;50;50;;26161;0
28136;APS;121;2025;1;1;41;12;50;50;;26162;0
28137;APS;236077;2025;1;1;41;12;50;50;;26163;0
28138;APS;218;2025;1;1;18;12;50;50;;26164;0
28139;APS;258821;2025;1;1;41;12;50;50;;26165;0
28140;APS;258634;2025;1;1;41;12;50;50;;26166;0
28141;APF;89;2025;1;1;41;12;50;50;;26167;1
28142;APS;257002;2025;1;1;41;12;50;50;;26168;0
28143;APS;258065;2025;1;1;41;12;50;50;;26169;0
28144;APS15;608;2025;1;1;18;12;25;25;;26170;0
28145;APS;258545;2025;1;1;18;12;50;50;;26171;0
28146;APS;18277;2025;1;1;5;12;50;50;;26174;0
28147;APS;28525;2025;1;1;5;12;50;50;;26175;0
28148;APS;512;2025;1;1;41;12;50;50;AFA250225;26176;0
28149;APS;215;2025;1;1;5;12;50;50;;26177;0
28150;APS;424;2025;1;1;41;12;50;50;;26178;0
28151;APS;146;2025;1;1;41;12;50;50;;26179;0
28152;APS;120713;2025;1;1;41;12;50;50;AFA250224;26180;0
28153;APS;7303;2025;1;1;41;12;50;50;AFA250224;26181;0
28154;APS;212;2025;1;1;41;12;50;50;;26182;0
28155;APS;258474;2025;1;1;41;12;50;50;;26183;0
28156;APS;258315;2025;1;1;41;12;50;50;AFA250224;26184;0
28157;APS;258770;2025;1;1;41;12;50;50;;26185;0
28158;APS;258615;2025;1;1;5;12;50;50;AFA250224;26186;0
28159;APS;258355;2025;1;1;5;12;50;50;;26187;0
28160;APS;402;2025;1;1;41;12;50;50;;26188;0
28161;APS;145714;2025;1;1;41;12;50;50;;26189;0
28162;APS;588;2025;1;1;41;12;50;50;;26190;0
29390;ABF2;258685;2025;1;1;41;12;50;0;AFA250261;0;0
28164;APS;258563;2025;1;1;20;12;50;50;;26192;0
28165;APS;258618;2025;1;1;41;12;50;50;;26194;0
28166;APS;106;2025;1;1;41;12;50;50;;26195;0
28167;APS;258809;2025;1;1;5;12;50;50;;26197;0
28168;APS;81;2025;1;1;5;12;50;50;;26198;0
28169;APS;311;2025;1;1;41;12;50;50;;26199;0
28170;APS;423;2025;1;1;41;12;50;50;AFA250222;26200;0
28171;APS;20024;2025;1;1;41;12;50;50;;26201;0
28172;APF;165;2025;1;1;41;12;50;50;;26202;0
28173;APF;258209;2025;1;1;41;12;50;50;;26203;0
28174;APS;128;2025;1;1;41;12;50;50;AFA250222;26204;0
28175;APS;258151;2025;1;1;41;12;50;50;;26205;0
28176;APS;258234;2025;1;1;41;12;50;50;;26206;0
28177;APS;120;2025;1;1;41;12;50;50;;26207;0
28178;APS15;1569;2025;1;1;1;12;25;25;;26208;0
28179;APSS6;31;2025;1;1;41;12;6;6;AFA250163;26209;0
28180;APS;259976;2025;1;1;41;12;50;50;;26210;0
28181;APS;411;2025;1;1;41;12;50;50;;26211;0
28182;APS;258210;2025;1;1;41;12;50;50;;26212;0
28183;APS;258683;2025;1;1;41;12;50;50;;26213;0
28184;APS;119994;2025;1;1;5;12;50;50;;26214;0
28185;APS;21488;2025;1;1;41;12;50;50;;26215;0
28186;APS;259854;2025;1;1;5;12;50;50;;26217;0
28187;APS;258515;2025;1;1;41;12;50;50;;26218;0
28188;APF;257603;2025;1;1;5;12;50;50;;26219;0
28984;ABF2;260053;2025;1;1;5;12;50;0;;0;0
28190;APS;259495;2025;1;1;41;12;50;50;AFA250221;26221;0
28191;APS;259492;2025;1;1;41;12;50;50;;26222;0
28192;APS;258784;2025;1;1;41;12;50;50;;26223;0
28193;APS;258166;2025;1;1;41;12;50;50;;26224;0
28194;MPSSO;166159;2025;1;1;24;12;50;50;;26225;0
28195;APS;258534;2025;1;1;20;12;50;50;;26226;1
28196;APS;257660;2025;1;1;41;12;50;50;;26227;0
28197;APS;513;2025;1;1;41;12;50;50;;26229;0
28198;APS;183459;2025;1;1;41;12;50;50;;26230;0
28199;APS;224;2025;1;1;41;12;50;50;;26232;0
28200;APS;257869;2025;1;1;6;12;50;50;;26233;0
28945;APF15;258866;2025;1;1;41;12;25;25;AFA250228;0;0
28202;APS;258291;2025;1;1;41;12;50;50;;26235;0
28203;APS;258429;2025;1;1;44;12;50;50;;26236;1
28204;APS;178012;2025;1;1;41;12;50;50;AFA250220;26237;0
28205;APS;237779;2025;1;1;41;12;50;50;AFA250220;26238;0
28206;APS;258339;2025;1;1;41;12;50;50;AFA250220;26239;0
29534;APDF;214;2025;1;1;41;12;49;50;;0;0
28208;APS15;257941;2025;1;1;44;12;25;25;;26241;0
28209;APS;54415;2025;1;1;41;12;50;50;;26242;2
28210;APS;258281;2025;1;1;41;12;50;50;AFA250219;26243;0
28211;APS;548;2025;1;1;41;12;50;50;;26244;0
28212;APS;1544;2025;1;1;20;12;50;50;;26245;0
28213;APS15;314;2025;1;1;43;12;25;25;;26247;0
28214;APF;173;2025;1;1;41;12;50;50;;26248;0
28215;APF;258090;2025;1;1;41;12;50;50;AFA250233;26249;0
28216;APS;174;2025;1;1;43;12;50;50;;26250;0
28217;APS;24312;2025;1;1;41;12;50;50;AFA250219;26251;0
28218;APS;258095;2025;1;1;41;12;50;50;;26252;0
28219;APS;1546;2025;1;1;20;12;50;50;;26253;4
29576;ABOEUF6;259871;2025;1;1;20;12;24;0;;0;0
28221;APS15;257585;2025;1;1;41;12;25;25;;26256;0
28222;APS;258014;2025;1;1;41;12;50;50;;26257;0
28223;APS;244231;2025;1;1;41;12;50;50;AFA250219;26258;0
28224;APS;27245;2025;1;1;20;12;50;50;;26259;0
28225;APS;78;2025;1;1;41;12;50;50;AFA250218;26260;1
28226;APS;535;2025;1;1;41;12;50;50;AFA250218;26261;0
28227;APS;258163;2025;1;1;41;12;50;50;;26262;0
28228;APS;258789;2025;1;1;41;12;50;50;;26264;0
28229;APS15;257920;2025;1;1;41;12;25;25;AFA250171;26265;0
28230;APS;258658;2025;1;1;41;12;50;50;;26268;0
28231;APS;436;2025;1;1;41;12;50;50;AFA250218;26269;0
28232;APDS;257915;2025;1;1;18;12;50;50;;26271;1
28233;APS;235;2025;1;1;41;12;50;50;;26272;0
28234;APS;258528;2025;1;1;41;12;50;50;AFA250218;26274;1
28235;APS;104;2025;1;1;41;12;50;50;AFA250218;26275;0
28236;APS;509;2025;1;1;41;12;50;50;;26276;0
28237;APS;234846;2025;1;1;41;12;50;50;AFA250217;26277;1
28238;APS;438;2025;1;1;41;12;50;50;;26278;0
28239;APS;236;2025;1;1;41;12;50;50;;26279;0
28240;APS;258414;2025;1;1;41;12;50;50;;26280;0
28241;APS;338;2025;1;1;5;12;50;50;;26281;4
28242;APS;249180;2025;1;1;41;12;50;50;AFA250217;26282;0
28243;APS;257642;2025;1;1;41;12;50;50;;26283;0
28244;APF;97;2025;1;1;41;12;50;50;;26284;0
28245;APS;510;2025;1;1;41;12;50;50;AFA250217;26287;0
28246;APS;257926;2025;1;1;41;12;50;50;AFA250217;26288;0
28247;APS;240;2025;1;1;41;12;50;50;AFA250217;26289;0
28248;APS;1551;2025;1;1;41;12;50;50;AFA250216;26290;0
28249;APS;258328;2025;1;1;41;12;50;50;;26291;0
28250;APS;442;2025;1;1;43;12;50;50;;26292;1
28251;APS;176298;2025;1;1;41;12;50;50;;26293;0
29504;ABF1;268;2025;1;1;41;12;25;0;;0;0
28253;APS;258680;2025;1;1;41;12;50;50;AFA250216;26295;0
28254;APS;25768;2025;1;1;20;12;50;50;;26297;0
28255;APS;258443;2025;1;1;41;12;50;50;;26298;0
28256;APS;258476;2025;1;1;41;12;50;50;;26299;0
28257;APS;451;2025;1;1;20;12;50;50;;26300;0
28258;APS;9606;2025;1;1;41;12;50;50;;26301;0
28259;APS;257986;2025;1;1;5;12;50;50;;26302;0
28260;APS;258060;2025;1;1;41;12;50;50;AFA250215;26303;0
28261;APS15;190584;2025;1;1;5;12;25;25;;26304;0
28262;APS;258237;2025;1;1;41;12;50;50;AFA250215;26305;0
28263;APDS;595;2025;1;1;5;12;50;50;;26307;0
28264;APS;54498;2025;1;1;5;12;50;50;;26308;0
28265;APS;102;2025;1;1;41;12;50;50;;26309;0
28266;APS;95573;2025;1;1;41;12;50;50;;26310;0
28267;APS;258329;2025;1;1;41;12;50;50;;26312;0
28268;APS;257863;2025;1;1;5;12;50;50;;26313;0
28269;APS;115;2025;1;1;41;12;50;50;;26314;0
28270;APS15;257990;2025;1;1;41;12;25;25;;26315;0
28271;APS;258021;2025;1;1;20;12;50;50;;26316;0
28272;APS;258504;2025;1;1;41;12;50;50;;26317;0
28273;APS;256932;2025;1;1;41;12;50;50;AFA250214;26318;0
28274;APS;258284;2025;1;1;41;12;50;50;;26319;0
28275;APS;251;2025;1;1;41;12;50;50;AFA250214;26320;0
28276;APS;258735;2025;1;1;41;12;50;50;;26321;4
28277;APS;243871;2025;1;1;41;12;50;50;AFA250214;26322;0
28278;APS;258587;2025;1;1;41;12;50;50;AFA250214;26323;0
28279;APS;603;2025;1;1;5;12;50;50;;26324;0
28280;APS;521;2025;1;1;41;12;50;50;;26325;7
28281;APS;257719;2025;1;1;41;12;50;50;;26327;0
28282;APS;211493;2025;1;1;41;12;50;50;;26329;0
29004;ABOEUF6;260464;2025;1;1;41;12;100;0;;0;0
28284;APS15;321;2025;1;1;20;12;25;25;;26331;0
28285;APS;501;2025;1;1;41;12;50;50;;26332;0
28286;APS;258579;2025;1;1;41;12;50;50;;26333;0
28287;APS;257595;2025;1;1;43;12;50;50;;26334;0
28288;APS;85115;2025;1;1;41;12;50;50;AFA250213;26335;0
28289;APS;31072;2025;1;1;41;12;50;50;;26336;0
28290;APS;206959;2025;1;1;41;12;50;50;;26337;0
28291;APS;107;2025;1;1;41;12;50;50;;26338;0
28292;APS;465;2025;1;1;5;12;50;50;AFA250213;26339;1
28293;APS;343;2025;1;1;41;12;50;50;;26340;0
28294;APS;60347;2025;1;1;41;12;50;50;;26343;0
28295;APS;257662;2025;1;1;41;12;50;50;;26344;0
28296;APS;258567;2025;1;1;41;12;50;50;;26345;0
28297;APS;258759;2025;1;1;5;12;50;50;;26346;0
28298;APS;345;2025;1;1;5;12;50;50;;26348;0
28299;APS;372;2025;1;1;41;12;50;50;;26349;0
28300;APS;258801;2025;1;1;41;12;50;50;AFA250212;26351;0
29597;MPSH;257751;2025;1;2;30;11;11;0;;0;0
28302;APS;266;2025;1;1;43;12;50;50;;26353;0
28303;APS;185;2025;1;1;5;12;50;50;;26354;0
28304;APS;257901;2025;1;1;41;12;50;50;AFA250212;26355;0
28305;APS;268;2025;1;1;41;12;50;50;;26356;0
28306;APS;257698;2025;1;1;5;12;50;50;;26357;1
28307;APF;144;2025;1;1;41;12;50;50;AFA250233;26358;0
28308;APS;65196;2025;1;1;41;12;50;50;;26360;1
28309;APF;260015;2025;1;1;41;12;50;50;;27185;0
28310;APF;27174;2025;1;1;41;12;50;50;;26363;0
28311;APS;77;2025;1;1;41;12;50;50;;26364;0
28312;APS;605;2025;1;1;41;12;50;50;AFA250211;26365;0
28313;APS;491;2025;1;1;41;12;50;50;;26366;0
28314;APF;417;2025;1;1;41;12;50;50;;26367;0
28315;APS;275;2025;1;1;41;12;50;50;;26369;0
28316;APS;258358;2025;1;1;41;12;50;50;;26371;0
28317;APS;258840;2025;1;1;5;12;50;50;;26373;0
28318;APS;257847;2025;1;1;41;12;50;50;;26374;0
28319;APS15;323;2025;1;1;5;12;25;25;;26375;0
28320;APS;149;2025;1;1;41;12;50;50;;26376;0
28321;APS;473;2025;1;1;41;12;50;50;;26377;0
28322;APS;258361;2025;1;1;41;12;50;50;AFA250210;26378;0
28323;APS;258537;2025;1;1;41;12;50;50;;26379;1
28324;APS;412;2025;1;1;41;12;50;50;AFA250210;26380;0
28325;APS;1560;2025;1;1;5;12;50;50;;26381;0
28326;APS;336;2025;1;1;20;12;50;50;;26382;0
28327;APS;172945;2025;1;1;41;12;50;50;;26383;0
28328;APS;1564;2025;1;1;41;12;50;50;;26384;0
28329;APS;257796;2025;1;1;41;12;50;50;;26385;0
28330;APS15;258867;2025;1;1;41;12;25;25;;26386;0
28331;APS;173217;2025;1;1;41;12;50;50;;26387;0
28332;APS;209730;2025;1;1;41;12;50;50;;26388;0
28333;APS;258075;2025;1;1;5;12;50;50;;26390;0
28334;APS;285;2025;1;1;41;12;50;50;;26391;0
28335;APS;241129;2025;1;1;41;12;50;50;AFA250209;26392;0
28336;APS;258818;2025;1;1;41;12;50;50;;26393;0
28337;APS;413;2025;1;1;41;12;50;50;AFA250209;26394;0
28338;APS;257701;2025;1;1;41;12;50;50;AFA250209;26395;0
28339;APS;477;2025;1;1;44;12;50;50;;26396;0
28340;APS;547;2025;1;1;41;12;50;50;;26397;0
28341;APS;1570;2025;1;1;20;12;50;50;;26398;0
28342;APS;41;2025;1;1;5;12;50;50;;26399;1
28343;APS;40;2025;1;1;41;12;50;50;;26400;0
28344;APS;257783;2025;1;1;41;12;50;50;AFA250208;26401;0
28345;APS;260071;2025;1;1;41;12;50;50;AFA250208;26402;0
28346;APS;259389;2025;1;1;41;12;50;50;AFA250208;26404;0
28347;APS;258334;2025;1;1;41;12;50;50;;26406;0
28348;APS;257652;2025;1;1;44;12;50;50;;26407;0
28349;APS;212873;2025;1;1;41;12;50;50;;26408;0
28350;APS;257770;2025;1;1;41;12;50;50;AFA250208;26409;0
28351;APS;258174;2025;1;1;41;12;50;50;;26410;0
28352;APS;45;2025;1;1;41;12;50;50;AFA250207;26412;0
28353;APF;258486;2025;1;1;41;12;50;50;;26413;0
28354;APS;479;2025;1;1;41;12;50;50;;26414;0
28355;APF;1573;2025;1;1;41;12;50;50;AFA250233;26415;0
28356;APS;258217;2025;1;1;41;12;50;50;;26416;0
28357;APS;1336;2025;1;1;41;12;50;50;;26417;0
28358;APS;257594;2025;1;1;40;12;50;50;;26418;0
28359;MPSSO;257548;2025;1;1;41;12;50;50;;26419;0
28360;APS;68325;2025;1;1;41;12;50;50;;26420;0
28361;APDS;18;2025;1;1;5;12;50;50;;26421;0
28362;APS;257542;2025;1;1;41;12;50;50;;26422;0
28363;APS;90;2025;1;1;5;12;50;50;;26424;0
28364;APS;11411;2025;1;1;41;12;50;50;AFA250207;26426;0
28365;APS;48803;2025;1;1;41;12;50;50;AFA250207;26427;0
28366;APS;49;2025;1;1;5;12;50;50;;26429;0
28367;APS;5502;2025;1;1;41;12;50;50;;26430;0
28368;APS;298;2025;1;1;41;12;50;50;;26431;0
28369;APF;42348;2025;1;1;41;12;50;50;;26432;2
28370;APS;258122;2025;1;1;41;12;50;50;;26433;1
28371;APS;299;2025;1;1;41;12;50;50;;26434;0
28372;APS;11511;2025;1;1;41;12;50;50;;26435;0
28373;APS;93;2025;1;1;41;12;50;50;;26436;0
28374;APS;257821;2025;1;1;5;12;50;50;;26437;0
28375;APS;302;2025;1;1;20;12;50;50;;26438;0
28376;APS;54513;2025;1;1;41;12;50;50;;26439;0
28377;APS;260518;2025;1;1;41;12;50;50;;27167;0
28378;APF;145536;2025;1;1;41;12;50;50;;26441;0
28379;APS;8;2025;1;1;41;12;50;50;;26442;0
28380;APS;258722;2025;1;1;41;12;50;50;;26443;0
28381;APS;388;2025;1;1;41;12;50;50;;26444;0
28382;APS;214771;2025;1;1;41;12;50;50;;26445;0
28383;APS;310;2025;1;1;41;12;50;50;;26446;0
28384;APF;47476;2025;1;1;40;12;50;50;;26447;0
28385;APS;157;2025;1;1;20;12;50;50;;26448;0
28386;APS;210622;2025;1;1;5;12;50;50;;26450;0
28387;APS;235990;2025;1;1;41;12;50;50;AFA250205;26452;0
28388;APS;257692;2025;1;1;41;12;50;50;AFA250205;26453;0
28389;APS;9;2025;1;1;5;12;50;50;;26454;0
29619;APS;259679;2025;1;5;41;8;27;50;;0;0
28391;APS;235976;2025;1;1;5;12;50;50;;26456;1
28392;APS;1588;2025;1;1;41;12;50;50;;26457;0
28393;APS;258622;2025;1;1;5;12;50;50;;26458;0
28394;APF;258079;2025;1;1;41;12;50;50;;26459;0
28395;APS;257695;2025;1;1;41;12;50;50;AFA250204;26460;0
28396;APS15;58;2025;1;1;20;12;25;25;;26461;0
28397;APS;1679;2025;1;1;5;12;50;50;;26462;0
28398;APSS12;400;2025;1;1;5;12;12;12;;26463;0
28399;APS;240089;2025;1;1;41;12;50;50;;26464;0
28400;APS;308;2025;1;1;41;12;50;50;;26465;0
28401;APF;19;2025;1;1;41;12;50;50;;26466;0
28402;APS;54771;2025;1;1;5;12;50;50;;26468;0
28403;APS;258876;2025;1;1;41;12;50;50;;26469;0
28404;APF;258902;2025;1;1;41;12;50;50;;26470;0
28405;APSS12;62;2025;1;1;5;12;12;12;;26471;0
28406;APSS12;539;2025;1;1;41;12;12;12;;26472;0
28407;APSS12;60;2025;1;1;5;12;12;12;;26473;0
28408;APSS12;46873;2025;1;1;44;12;12;12;;26474;0
28409;APSS6;145082;2025;1;1;41;12;6;6;AFA250163;26475;0
28410;APF15;444;2025;1;1;41;12;25;25;;26476;0
29073;ABOEUF6;259190;2025;1;1;41;12;4;0;;0;0
28412;APF;258911;2025;1;1;44;12;4;50;;26480;0
28413;APS;458;2025;1;1;41;12;50;50;AFA250203;26481;0
28414;APS;259698;2025;1;1;41;12;50;50;;26482;0
28415;APDSS12;258561;2025;1;1;41;12;12;12;AFA250234;26944;0
28416;APS;134;2025;1;1;5;12;50;50;;26484;0
28417;APS15;1583;2025;1;1;20;12;25;25;;26485;0
28418;APS;258968;2025;1;1;41;12;50;50;;26486;0
28419;APF;258969;2025;1;1;41;12;50;50;;26487;0
28420;APS;258212;2025;1;1;41;12;50;50;;26488;0
28421;APS;258986;2025;1;1;41;12;50;50;;26489;0
28983;APS;258594;2025;1;1;41;12;49;50;AFA250203;0;0
28423;APS;201;2025;1;1;41;12;50;50;AFA250203;26491;0
29575;ABF1;235976;2025;1;2;5;11;1;0;;0;0
28425;APS;259024;2025;1;1;44;12;50;50;;26495;0
28426;APS;259033;2025;1;1;41;12;50;50;AFA250203;26496;1
28427;APS;259439;2025;1;1;41;12;50;50;;26497;0
28428;APS;259072;2025;1;1;5;12;50;50;;26498;0
29029;MPSSO;260475;2025;1;1;5;12;24;50;;0;0
28430;APS;237166;2025;1;1;41;12;50;50;AFA250202;26500;0
29200;ABOEUF6;258342;2025;1;1;41;12;50;0;;0;0
28432;APS;259089;2025;1;1;41;12;50;50;;26502;0
29275;MPSSO;260812;2025;1;1;5;12;25;50;;0;0
28434;APS;258127;2025;1;1;41;12;50;50;;26504;0
29346;ABF1;258986;2025;1;1;41;12;34;0;;0;0
28436;APS;82621;2025;1;1;5;12;50;50;;26506;0
28437;APS;259173;2025;1;1;41;12;50;50;AFA250202;26507;0
28438;APS;259170;2025;1;1;5;12;50;50;;26508;0
28439;APS15;258557;2025;1;1;41;12;25;25;;26509;0
28440;APS;461;2025;1;1;43;12;50;50;AFA250202;26510;0
28441;APS;258965;2025;1;1;41;12;50;50;;26512;1
28442;APF15;551;2025;1;1;41;12;25;25;;26513;0
28443;APS;259559;2025;1;1;41;12;50;50;AFA250201;26515;0
28444;APF;2945;2025;1;1;5;12;50;50;AFA250232;26516;0
28445;APS;259211;2025;1;1;5;12;50;50;;26517;0
28446;APS15;549;2025;1;1;41;12;25;25;AFA250170;26518;0
28447;APF;259216;2025;1;1;5;12;50;50;;26519;0
28448;APS;259224;2025;1;1;41;12;50;50;;26520;0
28449;APS;259232;2025;1;1;20;12;50;50;;26522;0
28450;APS;259234;2025;1;1;41;12;50;50;;26523;0
28451;APS;259243;2025;1;1;41;12;50;50;AFA250201;26524;0
28452;APF;259156;2025;1;1;41;12;50;50;AFA250232;26525;0
28453;APS;259261;2025;1;1;41;12;50;50;;26526;0
28454;APS;259223;2025;1;1;41;12;50;50;AFA250201;26527;0
28455;APS;1559;2025;1;1;40;12;50;50;AFA250201;26528;0
28456;APS;259421;2025;1;1;5;12;50;50;;26529;1
28457;APS;259488;2025;1;1;41;12;50;50;;26531;0
28458;APS;4475;2025;1;1;20;12;50;50;;26533;0
28459;APS;456;2025;1;1;41;12;50;50;AFA250200;26534;0
28460;APS;258775;2025;1;1;41;12;50;50;;26535;0
28461;APS;259463;2025;1;1;41;12;50;50;;26536;0
28462;APS;259453;2025;1;1;41;12;50;50;;26537;0
28463;APF;259452;2025;1;1;41;12;50;50;;26538;0
28464;APS;259441;2025;1;1;41;12;50;50;;26539;0
28465;APS;259436;2025;1;1;41;12;50;50;;26540;0
28466;APS;259420;2025;1;1;40;12;50;50;;26543;0
28467;APS;251610;2025;1;1;41;12;50;50;;26544;0
28468;APS;259414;2025;1;1;41;12;50;50;;26545;0
28469;APS;259406;2025;1;1;41;12;50;50;AFA250199;26546;0
28470;APS;259402;2025;1;1;41;12;50;50;AFA250199;26549;0
28471;APS;98;2025;1;1;41;12;50;50;;26550;1
28472;APS;448;2025;1;1;41;12;50;50;;26551;0
28473;APS;259398;2025;1;1;5;12;50;50;;26552;0
28474;APS;259191;2025;1;1;41;12;50;50;AFA250199;26553;0
28475;APF;259394;2025;1;1;41;12;50;50;;26554;0
28476;APS;259190;2025;1;1;5;12;4;50;;26555;0
28477;APS;259383;2025;1;1;41;12;50;50;AFA250199;26557;0
28478;APS;258196;2025;1;1;5;12;50;50;;27088;0
29143;ABF2;259291;2025;1;1;41;12;25;0;AFA250261;0;0
28480;APS;259377;2025;1;1;41;12;50;50;;26560;0
28481;APF;180698;2025;1;1;41;12;50;50;AFA250231;26561;0
28482;APS;249807;2025;1;1;41;12;50;50;;26562;0
28483;APS;257824;2025;1;1;41;12;50;50;AFA250198;26563;0
28484;APS;259349;2025;1;1;41;12;50;50;;26564;1
28485;APS;259340;2025;1;1;41;12;50;50;;26565;0
28486;APF;259337;2025;1;1;41;12;50;50;AFA250231;26566;0
28487;APS;259333;2025;1;1;41;12;50;50;;26567;0
28488;APS;259318;2025;1;1;41;12;50;50;AFA250198;26570;0
28489;APS;259314;2025;1;1;5;12;50;50;;26571;0
28994;ABOEUF6;259986;2025;1;1;41;12;100;0;;0;0
28491;APS;259291;2025;1;1;41;12;50;50;;26573;0
28492;APS;259282;2025;1;1;5;12;50;50;;26574;0
28493;APS;205302;2025;1;1;5;12;50;50;;26576;0
28494;APF;257879;2025;1;1;41;12;50;50;;26578;0
28495;APS;259522;2025;1;1;41;12;50;50;AFA250197;26579;0
29558;APS;258604;2025;1;1;41;12;50;50;;0;0
28497;APS15;259544;2025;1;1;41;12;25;25;AFA250170;26581;0
28498;APS;258155;2025;1;1;5;12;50;50;;26582;0
28499;APS15;259568;2025;1;1;41;12;25;25;;26583;0
28500;APS;62200;2025;1;1;41;12;50;50;;26585;0
28501;APS;114305;2025;1;1;41;12;50;50;;26589;0
28502;APS;259607;2025;1;1;44;12;50;50;AFA250197;26590;0
28503;APS15;259871;2025;1;1;20;12;25;25;;26591;0
28504;APF15;258180;2025;1;1;5;12;25;25;;26592;0
28505;APS;259665;2025;1;1;41;12;50;50;;26594;0
28506;APS15;258901;2025;1;1;41;12;25;25;;26595;0
28507;APS;260080;2025;1;1;41;12;50;50;;26596;0
28508;APS15;42252;2025;1;1;41;12;25;25;;26597;0
28948;ABF1;259716;2025;1;1;41;12;25;0;AFA250275;0;0
28510;APS;259875;2025;1;1;41;12;50;50;;26599;0
28511;APS;259609;2025;1;1;41;12;50;50;AFA250196;26600;0
28512;APS;518;2025;1;1;5;12;50;50;AFA250196;26601;0
28513;APS;38254;2025;1;1;41;12;50;50;;26602;1
28514;APS;259928;2025;1;1;41;12;50;50;;26604;2
29559;APS15;257939;2025;1;1;41;12;25;25;;0;0
28516;APS;259783;2025;1;1;41;12;50;50;AFA250196;26606;0
28517;APS;259348;2025;1;1;41;12;50;50;;26607;0
28518;APF15;259331;2025;1;1;41;12;25;25;;26608;0
28519;APS;258024;2025;1;1;40;12;50;50;;26609;0
28520;APS;1549;2025;1;1;41;12;50;50;;26610;0
28521;APS;257693;2025;1;1;41;12;50;50;AFA250196;26611;0
28522;APS;257680;2025;1;1;41;12;50;50;;26612;0
28523;APS;259392;2025;1;1;41;12;50;50;;26613;0
28524;APS;28504;2025;1;1;6;12;50;50;;26618;0
28525;APS15;259743;2025;1;1;41;12;25;25;AFA250170;26619;1
28526;APS;258757;2025;1;1;41;12;50;50;;26620;0
28527;APS;259581;2025;1;1;41;12;50;50;AFA250195;26621;0
28528;APS;259165;2025;1;1;20;12;50;50;;26622;2
28529;APS;14747;2025;1;1;41;12;50;50;;26623;0
28971;ABF2;258721;2025;1;1;41;12;20;0;AFA250261;0;0
28531;APS;242178;2025;1;1;5;12;50;50;;26625;0
28532;APS;257839;2025;1;1;41;12;50;50;;26626;0
28533;APS;55948;2025;1;1;41;12;50;50;;26627;0
28534;APS;151;2025;1;1;40;12;50;50;;26628;0
28535;APS;70117;2025;1;1;41;12;50;50;;26629;0
28536;APS;583;2025;1;1;41;12;50;50;AFA250194;26630;0
28537;APS;258342;2025;1;1;41;12;50;50;;26631;0
28538;APS;492;2025;1;1;41;12;50;50;AFA250194;26632;0
28539;APF15;120682;2025;1;1;41;12;25;25;;26633;0
28540;APS15;113;2025;1;1;41;12;25;25;;26634;0
28541;APS;258168;2025;1;1;41;12;50;50;;26635;0
28542;APS;258990;2025;1;1;41;12;50;50;AFA250194;26636;2
28543;APF;584;2025;1;1;5;12;50;50;;26637;0
28544;APSF12;61;2025;1;1;5;12;12;12;AFA250164;26639;0
28545;APS;259857;2025;1;1;41;12;50;50;;26640;0
28546;APDS15;259444;2025;1;1;41;12;25;25;;26641;0
28547;APF;184;2025;1;1;41;12;50;50;;26642;0
28548;APS15;259879;2025;1;1;41;12;25;25;AFA250169;26643;0
28549;APS;169;2025;1;1;20;12;50;50;;26644;0
28550;APS;259885;2025;1;1;40;12;50;50;;26645;0
28551;APS;258357;2025;1;1;41;12;50;50;AFA250194;26646;0
28552;APS;257664;2025;1;1;5;12;50;50;;26647;0
28553;APS;272;2025;1;1;41;12;50;50;AFA250193;26649;1
28554;APS;257958;2025;1;1;41;12;50;50;AFA250193;26650;0
28555;APS15;375;2025;1;1;41;12;25;25;;26653;1
28556;APS;586;2025;1;1;43;12;50;50;;26654;4
28557;APS15;259964;2025;1;1;5;12;25;25;;27596;0
28558;APS;259966;2025;1;1;41;12;50;50;;26656;0
28559;APS;2336;2025;1;1;43;12;50;50;;26657;0
28560;APS;259963;2025;1;1;41;12;50;50;;26658;0
28561;APF15;259412;2025;1;1;41;12;25;25;;26659;0
28562;APS15;573;2025;1;1;41;12;25;25;AFA250169;26660;0
28563;APS;259980;2025;1;1;41;12;50;50;;26661;0
29560;ABF4;260820;2025;1;1;5;12;100;0;;0;0
29616;APS;55;2025;1;1;5;12;50;50;;0;0
28566;APS;54874;2025;1;1;5;12;50;50;;26666;0
28567;APS;258188;2025;1;1;20;12;50;50;;26667;2
28568;APDF;258296;2025;1;1;5;12;4;50;;26668;0
28569;APS;259858;2025;1;1;41;12;50;50;;26669;0
28570;APS;258463;2025;1;1;41;12;50;50;;26670;4
28571;APF;258841;2025;1;1;44;12;50;50;;26671;0
28572;APS;260017;2025;1;1;41;12;50;50;;26672;0
28573;APDS15;260018;2025;1;1;6;12;25;25;AFA250235;26673;0
29185;ABF3;210622;2025;1;1;5;12;4;0;;0;0
28575;APS;258661;2025;1;1;41;12;50;50;;26675;0
28576;APS;122;2025;1;1;41;12;50;50;AFA250192;26677;0
28577;APS;443;2025;1;1;41;12;50;50;AFA250192;26678;3
28578;APS;202;2025;1;1;41;12;50;50;;26679;0
28579;APS;259682;2025;1;1;41;12;50;50;;26680;0
28580;APS15;258773;2025;1;1;41;12;25;25;;26682;0
28581;APF;260053;2025;1;1;5;12;50;50;;26683;0
28582;APS;260060;2025;1;1;41;12;50;50;;26685;0
28583;APS;166154;2025;1;1;20;12;50;50;;26686;2
28584;APS;592;2025;1;1;40;12;50;50;;26687;8
28585;APDS;1579;2025;1;1;41;12;50;50;AFA250235;26689;0
28586;APS15;259716;2025;1;1;41;12;25;25;;26690;0
28587;APS;457;2025;1;1;44;12;50;50;;26693;0
28588;APDS;111932;2025;1;1;41;12;50;50;;26694;0
28589;APS;155215;2025;1;1;41;12;50;50;;26695;0
28590;APS;258774;2025;1;1;41;12;50;50;;26696;0
28591;APS;506;2025;1;1;41;12;50;50;;26697;0
28592;APS;259245;2025;1;1;41;12;50;50;;26698;0
28593;APS15;531;2025;1;1;20;12;25;25;;26699;0
28594;APS;259852;2025;1;1;41;12;50;50;AFA250191;26700;0
28595;APS15;380;2025;1;1;40;12;25;25;;26701;0
28596;APS;257725;2025;1;1;41;12;50;50;;26702;0
29082;ABF1;113;2025;1;1;41;12;25;0;;0;0
28598;APS;258993;2025;1;1;44;12;50;50;;26704;0
28599;APS;259715;2025;1;1;41;12;50;50;;26705;0
28600;APF15;139;2025;1;1;41;12;25;25;;26706;0
28601;APS;351;2025;1;1;41;12;50;50;AFA250190;26707;0
28602;APS;66778;2025;1;1;41;12;50;50;;26708;0
28603;APS;259230;2025;1;1;41;12;50;50;;26709;0
28604;APS;117;2025;1;1;41;12;50;50;;26710;0
28605;APS;54;2025;1;1;41;12;50;50;;26711;0
28606;APS;22614;2025;1;1;41;12;50;50;;26714;0
28607;APS;85;2025;1;1;41;12;50;50;AFA250190;26715;0
28608;APF;49909;2025;1;1;41;12;50;50;AFA250231;26716;0
28609;APS;258502;2025;1;1;41;12;50;50;;26717;0
28610;APS;1571;2025;1;1;41;12;50;50;AFA250190;26718;0
28611;APS15;260063;2025;1;1;20;12;25;25;;26719;0
28612;APS15;258842;2025;1;1;41;12;25;25;AFA250169;26720;0
28613;APS;125845;2025;1;1;41;12;50;50;;26721;0
28614;APS;259176;2025;1;1;41;12;50;50;AFA250189;26722;0
28615;APS;257627;2025;1;1;20;12;50;50;AFA250189;26723;0
29130;APS;20;2025;1;1;5;12;50;50;;0;0
28617;APS;156;2025;1;1;41;12;50;50;;26728;0
28618;APS;260076;2025;1;1;40;12;50;50;;26729;0
28619;APS;183829;2025;1;1;41;12;50;50;AFA250189;26730;0
29005;APS15;258428;2025;1;1;41;12;25;25;;0;0
28621;APS;260077;2025;1;1;43;12;50;50;;26732;0
28622;APF;259263;2025;1;1;41;12;50;50;AFA250231;26733;0
28623;APDS;258607;2025;1;1;41;12;50;50;;26734;0
28624;APS;259958;2025;1;1;41;12;50;50;AFA250189;26737;0
28625;APS;260089;2025;1;1;41;12;50;50;AFA250189;26738;0
28626;APS;260096;2025;1;1;40;12;50;50;;26739;0
28627;APS;258346;2025;1;1;41;12;50;50;;26742;0
29099;ABF1;260422;2025;1;1;41;12;50;0;;0;0
28629;APS;567;2025;1;1;44;12;50;50;AFA250188;26747;0
29453;ABOEUF6;259970;2025;1;1;41;12;50;0;AFA250251;0;0
28631;APF15;147;2025;1;1;41;12;25;25;;26751;0
28632;APS;260122;2025;1;1;20;12;50;50;;26753;0
28633;APF;259786;2025;1;1;41;12;50;50;;27176;0
28634;APF;50;2025;1;1;5;12;50;50;;26755;0
28635;APS;259558;2025;1;1;41;12;50;50;;26756;0
28636;APS;259605;2025;1;1;41;12;50;50;;26758;0
28637;APS;258183;2025;1;1;41;12;50;50;AFA250188;26759;0
28638;APS;259339;2025;1;1;41;12;50;50;;26760;0
29000;ABF2;259963;2025;1;1;41;12;50;0;;0;0
28640;APS15;94;2025;1;1;41;12;25;25;;26762;0
28641;APS;260163;2025;1;1;41;12;50;50;;26763;0
28642;APS;260165;2025;1;1;41;12;50;50;;26764;0
28643;APS;260167;2025;1;1;41;12;50;50;;26765;0
28644;APS;258734;2025;1;1;41;12;50;50;;26767;0
28645;APS;257629;2025;1;1;5;12;50;50;;26768;0
28646;APS;260223;2025;1;1;41;12;4;50;;26769;0
28647;APS;258091;2025;1;1;41;12;50;50;AFA250187;26770;3
28648;APS;260118;2025;1;1;41;12;50;50;;26771;0
28649;APS;258948;2025;1;1;41;12;50;50;AFA250187;26773;9
28650;APS;258387;2025;1;1;41;12;50;50;;26774;0
28651;APS;259813;2025;1;1;41;12;50;50;;26775;0
28652;APS;259137;2025;1;1;41;12;50;50;;26776;0
29615;APS;545;2025;1;1;5;12;50;50;;0;0
28654;APS;84;2025;1;1;41;12;50;50;;26778;0
28655;APS;123107;2025;1;1;41;12;50;50;;26780;0
28656;APS;258685;2025;1;1;41;12;50;50;;26781;2
28657;APS;260203;2025;1;1;41;12;50;50;;26783;0
28658;APS;259624;2025;1;1;41;12;4;50;;26784;13
28659;APS;55208;2025;1;1;5;12;50;50;;27619;6
28660;APS;11460;2025;1;1;41;12;50;50;;26787;0
29306;ABOEUF6;259607;2025;1;1;41;12;50;0;;0;0
28662;APS;260225;2025;1;1;41;12;50;50;AFA250186;26789;0
29098;APS15;258126;2025;1;1;41;12;25;25;;0;0
28664;APF;359;2025;1;1;41;12;50;50;;26793;0
28665;APS;260236;2025;1;1;41;12;50;50;;26795;0
28666;APS;20025;2025;1;1;41;12;50;50;;26797;0
28667;APS;259543;2025;1;1;41;12;50;50;;26798;0
28668;APS15;259491;2025;1;1;41;12;25;25;;26799;0
28669;APS;249;2025;1;1;41;12;50;50;;26801;0
28670;APS;209;2025;1;1;41;12;50;50;;26802;0
28671;APS;577;2025;1;1;41;12;50;50;AFA250185;26803;0
28672;APS;260246;2025;1;1;41;12;50;50;;26804;0
28673;APS;287;2025;1;1;41;12;50;50;;26805;0
29530;ABF1;259541;2025;1;1;41;12;25;0;;0;0
28675;APS;258213;2025;1;1;41;12;50;50;AFA250185;26807;0
29338;ABF1;531;2025;1;1;41;12;25;0;;0;0
28677;APS;256;2025;1;1;5;12;50;50;;26811;0
28678;APS;258799;2025;1;1;41;12;50;50;;26812;0
28679;MPSSO;217385;2025;1;1;41;12;50;50;AFA250162;26813;0
28680;APS;260254;2025;1;1;41;12;50;50;;26820;0
28681;APS;258872;2025;1;1;41;12;50;50;;26823;13
28682;APS;260270;2025;1;1;41;12;50;50;;26824;0
28683;APS;260271;2025;1;1;5;12;50;50;;26825;0
28684;APS15;259744;2025;1;1;41;12;25;25;AFA250168;26826;0
28685;APF15;589;2025;1;1;6;12;25;25;;26828;0
28686;APS15;260281;2025;1;1;41;12;25;25;;26829;0
28687;APS;260291;2025;1;1;41;12;50;50;;26831;0
28688;APS;257867;2025;1;1;41;12;50;50;;26834;0
28689;APS;259970;2025;1;1;41;12;50;50;;26837;0
28690;APDF15;258222;2025;1;1;41;12;25;25;;26838;0
28691;APS;260311;2025;1;1;43;12;50;50;;26839;0
28692;APS15;258820;2025;1;1;41;12;25;25;;26840;0
28693;APS;44513;2025;1;1;41;12;50;50;;26841;1
28694;APDS;259045;2025;1;1;6;12;50;50;AFA250235;26844;0
28695;APS15;258218;2025;1;1;20;12;25;25;;26845;0
28696;APS;257844;2025;1;1;41;12;50;50;;26846;0
28697;APS15;374;2025;1;1;41;12;25;25;;26847;0
28698;APS;260066;2025;1;1;41;12;50;50;;26849;0
29072;ABF1;258903;2025;1;1;41;12;25;0;;0;0
28700;APS;258602;2025;1;1;41;12;50;50;;26852;0
28701;APS;260368;2025;1;1;41;12;50;50;AFA250183;26861;6
28702;APS;431;2025;1;1;41;12;50;50;;26863;0
28703;APS;260375;2025;1;1;41;12;50;50;;26864;0
28704;APF;260376;2025;1;1;41;12;50;50;AFA250230;26865;0
28705;APS;259996;2025;1;1;41;12;50;50;AFA250183;26867;0
28706;APS;260260;2025;1;1;41;12;50;50;;26870;0
29568;ABOEUF6;260821;2025;1;1;5;12;1;0;;0;0
28708;APS;257905;2025;1;1;41;12;50;50;;26873;0
28709;APF;260393;2025;1;1;41;12;50;50;;26875;0
28710;APS;260290;2025;1;1;41;12;50;50;;26877;0
29006;ABOEUF6;258428;2025;1;1;41;12;25;0;AFA250251;0;0
28712;APS15;260402;2025;1;1;20;12;25;25;;26880;0
28713;APS;260422;2025;1;1;41;12;50;50;AFA250183;26882;0
28714;APS;260426;2025;1;1;41;12;50;50;;26884;0
28715;APS;258803;2025;1;1;41;12;50;50;;26887;0
29180;ABF2;506;2025;1;1;41;12;25;0;AFA250260;0;0
28717;APF;260444;2025;1;1;41;12;50;50;;26890;0
28718;APS;260445;2025;1;1;41;12;50;50;;26892;0
29539;APF15;260451;2025;1;1;41;12;2;25;;0;0
28720;APS;260464;2025;1;1;41;12;50;50;AFA250182;26898;0
29613;ABF1;260772;2025;1;1;41;12;50;0;AFA250276;0;0
28988;ABF3;260639;2025;1;1;41;12;50;0;AFA250254;0;0
28723;APS;260458;2025;1;1;41;12;50;50;;26903;0
28724;APS;259427;2025;1;1;41;12;50;50;;26905;0
28725;APS;260465;2025;1;1;41;12;50;50;;26907;0
28726;APF;258961;2025;1;1;41;12;50;50;;26908;4
28727;APS;257882;2025;1;1;5;12;50;50;;26917;2
28728;APS;258223;2025;1;1;5;12;50;50;;26919;0
28729;APS;1539;2025;1;1;41;12;50;50;;26921;0
29093;ABOEUF6;260800;2025;1;1;44;12;100;0;;0;0
28731;APS15;260551;2025;1;1;26;12;25;25;;27644;0
29438;APDSS12;633;2025;1;1;5;12;12;12;;0;0
29020;ABOEUF6;1539;2025;1;1;41;12;50;0;AFA250251;0;0
29041;ABOEUF6;260376;2025;1;1;41;12;50;0;;0;0
28735;APS;258942;2025;1;1;41;12;50;50;AFA250182;26945;0
28736;APS;260221;2025;1;1;41;12;50;50;;27585;0
28737;APS15;258777;2025;1;1;41;12;25;25;;26954;1
29191;ABF1;258155;2025;1;1;5;12;35;0;;0;0
28739;APS;178;2025;1;1;41;12;50;50;AFA250181;26977;0
29573;APS;258903;2025;1;1;41;12;50;50;;0;0
28741;APS;260507;2025;1;1;41;12;50;50;AFA250181;27002;0
29108;ABOEUF6;185;2025;1;1;5;12;50;0;;0;0
29031;MPSSO;260475;2025;1;1;5;12;24;50;;0;0
28744;APS15;258294;2025;1;1;44;12;25;25;;27038;0
28978;ABOEUF6;258990;2025;1;1;41;12;50;0;;0;0
29190;APS;596;2025;1;1;5;12;35;50;AFA250181;0;0
28747;APF;259645;2025;1;1;41;12;50;50;AFA250230;27060;0
29541;ABF1;259398;2025;1;1;11;12;31;0;;0;0
28749;APF;259382;2025;1;1;41;12;50;50;;27087;0
28750;APS;258531;2025;1;1;41;12;50;50;AFA250181;27112;0
28751;APS;260512;2025;1;1;41;12;50;50;AFA250181;27114;0
28752;APS;260513;2025;1;1;41;12;50;50;;27128;0
28753;APS;260515;2025;1;1;41;12;50;50;;27132;0
28754;APS;257900;2025;1;1;41;12;50;50;;27158;0
29456;APS;166;2025;1;1;41;12;39;50;AFA250181;0;0
28756;APF;258659;2025;1;1;41;12;50;50;;27184;0
28757;APS;260519;2025;1;1;41;12;3;50;;27191;0
28758;APSS12;258522;2025;1;1;41;12;12;12;;27197;0
28759;MPSSO;260404;2025;1;1;5;12;1;50;;27258;0
28760;APS;260482;2025;1;1;5;12;50;50;;27261;0
28761;APS;260200;2025;1;1;5;12;50;50;;27263;2
28762;APS;259466;2025;1;1;5;12;50;50;;27264;0
28763;APS;259934;2025;1;1;40;12;50;50;;27266;0
28764;MPSSO;260297;2025;1;1;5;12;50;50;;27268;1
28765;MPSSO;260314;2025;1;1;5;12;50;50;;27269;0
28766;APS;24;2025;1;1;5;12;50;50;;27270;4
28767;MPSSO;260332;2025;1;1;5;12;50;50;;27271;0
29289;MPSSO;260406;2025;1;1;40;12;50;50;;0;0
28769;APS;258147;2025;1;1;5;12;50;50;;27273;1
28770;MPSSO;260312;2025;1;1;5;12;50;50;;27275;0
28771;MPSSO;260378;2025;1;1;5;12;50;50;;27276;0
28772;MPSSO;260390;2025;1;1;5;12;50;50;;27278;0
28773;MPSSO;260259;2025;1;1;5;12;50;50;;27280;1
29158;MPSH;1589;2025;1;1;41;12;12;0;AFA250163;0;0
28775;APS;33;2025;1;1;5;12;50;50;;27283;0
28776;APS;93805;2025;1;1;5;12;50;50;;27256;0
28777;MPSSO;260379;2025;1;1;5;12;50;50;AFA250160;27290;0
28778;APS;259440;2025;1;1;5;12;50;50;;27291;2
28779;MPSSO;260377;2025;1;1;5;12;50;50;;27292;0
28780;APS;396;2025;1;1;5;12;50;50;;27294;1
28781;MPSSO;259686;2025;1;1;5;12;50;50;;27295;0
28782;MPSSO;259366;2025;1;1;5;12;50;50;;27297;0
28783;APS;150089;2025;1;1;5;12;50;50;;27298;0
29183;ABF2;260586;2025;1;1;41;12;50;0;;0;0
29042;ABF2;260376;2025;1;1;41;12;12;0;;0;0
29156;ABF1;258284;2025;1;1;41;12;25;0;AFA250274;0;0
29498;APS;260814;2025;1;1;41;12;50;50;AFA250179;0;0
29361;MPSH;90954;2025;1;1;0;12;12;0;;0;0
28789;APS15;258671;2025;1;1;41;12;25;25;;27355;0
28790;APF;258425;2025;1;1;41;12;50;50;AFA250229;27402;0
28791;APS;260249;2025;1;1;5;12;50;50;;27414;0
29160;ABOEUF6;258723;2025;1;1;41;12;50;0;;0;0
29142;APS15;260682;2025;1;1;41;12;25;25;AFA250167;0;0
29027;MPSSO;260475;2025;1;1;5;12;24;50;;0;0
28795;APS;594;2025;1;1;5;12;50;50;;27488;0
28796;APS;239121;2025;1;1;5;12;50;50;;27513;0
28797;APF;260527;2025;1;1;41;12;50;50;AFA250229;27526;1
28798;APDSS6;633;2025;1;1;5;12;6;6;;27533;0
29551;ABF1;260368;2025;1;1;41;12;23;0;AFA250274;0;0
28800;APF15;56879;2025;1;1;41;12;25;25;AFA250227;27541;0
28801;APS;259498;2025;1;1;41;12;50;50;;27556;0
28802;APF;362;2025;1;1;41;12;50;50;AFA250229;27563;0
28803;APS;258282;2025;1;1;37;12;50;50;;27583;0
29549;ABF1;259964;2025;1;1;5;12;25;0;;0;0
28805;APS;258723;2025;1;1;41;12;50;50;;27601;0
28806;APS;260541;2025;1;1;41;12;50;50;;27607;0
29239;MPSSO;260081;2025;1;1;5;12;25;50;;0;0
28808;APS15;259805;2025;1;1;41;12;25;25;;27625;0
28809;APS15;258216;2025;1;1;43;12;25;25;;27632;0
28810;APS;260391;2025;1;1;41;12;50;50;;27651;0
28811;APS15;260435;2025;1;1;44;12;25;25;AFA250276;27658;0
28812;APF;258509;2025;1;1;41;12;50;50;;27661;1
29021;ABOEUF6;259553;2025;1;1;5;12;25;0;;0;0
29028;MPSSO;260475;2025;1;1;5;12;24;50;AFA250160;0;0
28815;APS;260570;2025;1;1;41;12;50;50;;27666;0
29023;ABOEUF6;155215;2025;1;1;41;12;50;0;AFA250250;0;0
29153;ABOEUF6;258768;2025;1;1;41;12;150;0;;0;0
29032;MPSSO;260475;2025;1;1;5;12;24;50;;0;0
28819;APS;259908;2025;1;1;41;12;50;50;;27679;0
28820;APS;260588;2025;1;1;5;12;50;50;;27684;0
28821;APS;260142;2025;1;1;41;12;50;50;;27687;0
28822;APS;260594;2025;1;1;20;12;50;50;;27690;0
29030;MPSSO;260475;2025;1;1;5;12;24;50;;0;0
29026;MPSSO;260475;2025;1;1;5;12;24;50;;0;0
28958;ABOEUF6;258474;2025;1;1;41;12;50;0;;0;0
28826;APS;260605;2025;1;1;25;12;50;50;;27706;0
28827;APS;260611;2025;1;1;2;12;50;50;;27710;0
29141;ABOEUF6;257867;2025;1;1;41;12;50;0;;0;0
29617;ABF1;260512;2025;1;1;41;12;12;0;AFA250277;0;0
29162;ABOEUF6;506;2025;1;1;41;12;50;0;;0;0
28831;APS;260616;2025;1;1;41;12;50;50;;27721;0
28832;APS;260617;2025;1;1;34;12;50;50;AFA250178;27722;0
29565;APS;258298;2025;1;1;5;12;4;50;;0;0
28834;MPSSO;260619;2025;1;1;5;12;50;50;;27731;1
29043;ABF1;242178;2025;1;1;41;12;50;0;AFA250274;0;0
29434;ABOEUF6;258561;2025;1;1;41;12;12;0;;0;0
29033;MPSSO;260475;2025;1;1;5;12;24;50;;0;0
29277;ABF2;260681;2025;1;1;41;12;50;0;;0;0
29198;APS;112452;2025;1;1;44;12;50;50;;0;0
28840;APS;260635;2025;1;1;41;12;50;50;;27751;0
29181;ABF1;1559;2025;1;1;41;12;50;0;;0;0
28842;APS15;260423;2025;1;1;41;12;25;25;AFA250167;27757;1
29018;ABOEUF6;94;2025;1;1;41;12;25;0;;0;0
29557;APS15;550;2025;1;1;41;12;25;25;;0;0
28845;APS;260645;2025;1;1;39;12;50;50;;27767;0
28846;APS;260646;2025;1;1;33;12;50;50;AFA250177;27768;0
28847;APS;260647;2025;1;1;23;12;50;50;;27769;0
28848;APS;260657;2025;1;1;33;12;50;50;;27775;0
28849;APS;260658;2025;1;1;33;12;50;50;AFA250177;27778;0
28850;APS15;260434;2025;1;1;41;12;1;25;AFA250167;27780;0
28851;APS;260447;2025;1;1;41;12;50;50;;27781;0
29182;ABOEUF6;259230;2025;1;1;41;12;100;0;;0;0
28853;APS;260665;2025;1;1;33;12;50;50;;27788;10
28854;APF15;260666;2025;1;1;33;12;25;25;AFA250227;27797;0
28855;APF;260672;2025;1;1;32;12;50;50;;27804;0
29437;ABF1;258163;2025;1;1;41;12;1;0;AFA250273;0;0
28957;ABF1;258474;2025;1;1;41;12;23;0;AFA250273;0;0
28858;APS;258635;2025;1;1;41;12;50;50;;27810;0
28859;APS15;81730;2025;1;1;41;12;25;25;;27813;3
28860;APS;260680;2025;1;1;32;12;50;50;;27815;0
29022;ABOEUF6;14747;2025;1;1;41;12;50;0;AFA250250;0;0
28862;MPSSO;260688;2025;1;1;5;12;50;50;;27827;0
28863;APS;258416;2025;1;1;20;12;50;50;;27829;0
29461;APS;260441;2025;1;1;41;12;50;50;AFA250176;0;0
28865;APS;260693;2025;1;1;31;12;50;50;;27834;0
28866;APS;260695;2025;1;1;31;12;50;50;;27837;0
28867;APS;260696;2025;1;1;31;12;50;50;;27839;0
28976;ABF1;258504;2025;1;1;41;12;13;0;;0;0
29148;ABOEUF6;260515;2025;1;1;41;12;25;0;AFA250249;0;0
28870;APS;260704;2025;1;1;31;12;50;50;;27853;0
29436;ABF1;156;2025;1;1;41;12;9;0;;0;0
28872;APF;260708;2025;1;1;31;12;50;50;;27859;0
29439;ABF1;260017;2025;1;1;41;12;25;0;AFA250273;0;0
28874;APS;258061;2025;1;1;41;12;50;50;AFA250176;27883;1
29284;ABF2;260714;2025;1;1;41;12;25;0;;0;0
29285;MPSSO;260793;2025;1;1;5;12;50;50;;0;0
29433;MPSH;189;2025;1;1;0;12;1;0;;0;0
29276;APDS;260681;2025;1;1;41;12;4;50;;0;0
28879;APS;260719;2025;1;1;41;12;50;50;AFA250176;27880;0
28880;APS;163;2025;1;1;20;12;50;50;;27881;0
28990;ABOEUF6;260672;2025;1;1;41;12;50;0;;0;0
28882;APS;1613;2025;1;1;5;12;50;50;;27888;2
28883;APS;342;2025;1;1;41;12;50;50;;27893;0
29278;MPSSO;260689;2025;1;1;5;12;50;50;;0;0
28885;APS15;258846;2025;1;1;41;12;25;25;;27901;0
28886;MPSSO;260733;2025;1;1;5;12;50;50;;27913;0
29218;ABF1;259191;2025;1;1;41;12;50;0;AFA250273;0;0
29114;ABOEUF6;259057;2025;1;1;41;12;50;0;AFA250249;0;0
28985;ABF1;260456;2025;1;1;41;12;50;0;;0;0
28890;MPSSO;260738;2025;1;1;44;12;6;50;AFA250159;27918;6
28891;MPSSO;260740;2025;1;1;44;12;6;50;;27919;6
28892;APF;152572;2025;1;1;5;12;50;50;;27925;0
28893;APS;21678;2025;1;1;41;12;50;50;AFA250175;27926;0
28894;APS;260720;2025;1;1;41;12;50;50;AFA250175;27934;0
28895;APF;260746;2025;1;1;41;12;50;50;;27939;0
28896;APF;258768;2025;1;1;41;12;50;50;;27959;0
28897;APS;259986;2025;1;1;41;12;50;50;;27956;0
28898;MPSSO;260748;2025;1;1;5;12;7;50;;27953;7
28899;MPSSO;260751;2025;1;1;5;12;7;50;;27954;7
28900;APS;260749;2025;1;1;5;12;50;50;;27955;0
28901;APS15;260660;2025;1;1;33;12;25;25;;27957;0
28902;MPSSO;260438;2025;1;1;5;12;50;50;;27967;0
28903;APS;259557;2025;1;1;41;12;50;50;;27971;0
28904;APS;260759;2025;1;1;41;12;50;50;;27975;0
28905;MPSSO;260023;2025;1;1;5;12;9;50;AFA250158;27981;1
28906;MPSSO;260474;2025;1;1;5;12;4;50;;27991;0
28907;APS;260764;2025;1;1;41;12;50;50;;27993;0
28908;APF15;260765;2025;1;1;41;12;25;25;AFA250227;27995;0
29222;ABF1;258036;2025;1;1;41;12;50;0;AFA250273;0;0
28910;MPSSO;260767;2025;1;1;41;12;4;50;AFA250158;28001;0
28911;APS;260586;2025;1;1;25;12;50;50;;28003;0
29140;ABOEUF6;259744;2025;1;1;41;12;25;0;AFA250249;0;0
29350;ABOEUF6;260775;2025;1;1;41;12;50;0;;0;0
28914;APS;260775;2025;1;1;41;12;50;50;;28013;0
29475;ABF1;257847;2025;1;1;41;12;50;0;;0;0
29578;ABF1;258594;2025;1;2;41;11;25;0;AFA250272;0;0
28917;APS;260778;2025;1;1;41;12;50;50;AFA250174;28026;0
28918;APS;593;2025;1;1;41;12;50;50;;28029;0
28919;APS;260780;2025;1;1;41;12;50;50;;28033;0
28920;APS;260781;2025;1;1;41;12;50;50;;28038;0
29208;ABOEUF6;258846;2025;1;1;41;12;25;0;;0;0
28922;MPSSO;260784;2025;1;1;5;12;13;50;;28045;0
28923;MPSSO;260785;2025;1;1;41;12;13;50;AFA250158;28046;0
29139;ABOEUF6;260635;2025;1;1;41;12;50;0;AFA250249;0;0
28925;MPSSO;260787;2025;1;1;5;12;15;50;;28061;0
29121;ABF2;259402;2025;1;1;41;12;50;0;AFA250260;0;0
28927;APS15;259555;2025;1;1;20;12;25;25;;28062;0
28928;MPSSO;260790;2025;1;1;5;12;16;50;;28067;0
28929;MPSSO;260794;2025;1;1;5;12;16;50;;28072;0
28930;MPSSO;260795;2025;1;1;5;12;16;50;;28073;0
28931;MPSSO;260796;2025;1;1;5;12;16;50;;28074;0
28932;MPSSO;260797;2025;1;1;5;12;18;50;;28081;0
28933;APS;258298;2025;1;1;5;12;50;50;;28083;4
28934;MPSSO;260798;2025;1;1;5;12;50;50;;28084;0
28935;APS;260800;2025;1;1;44;12;50;50;;28089;0
28936;MPSSO;260801;2025;1;1;5;12;19;50;;28092;0
28937;MPSSO;260804;2025;1;1;5;12;20;50;;28097;0
28938;APS;258038;2025;1;1;41;12;50;50;;28098;0
28939;MPSSO;260807;2025;1;1;5;12;21;50;;28102;0
28940;ABF2;257844;2025;1;1;41;12;25;0;;0;0
28941;ABF2;28504;2025;1;1;41;12;12;0;;0;0
28942;ABF1;259261;2025;1;1;41;12;22;0;;0;0
28943;ABF2;258234;2025;1;1;41;12;40;0;;0;0
28944;APS;259506;2025;1;4;34;9;38;50;;0;0
28946;ABOEUF6;258866;2025;1;1;41;12;25;0;;0;0
28949;ABOEUF6;259716;2025;1;1;41;12;25;0;;0;0
28950;ABF2;259444;2025;1;1;41;12;25;0;AFA250259;0;0
28951;ABOEUF6;1613;2025;1;1;5;12;100;0;;0;0
28952;ABF1;260465;2025;1;1;41;12;50;0;AFA250272;0;0
28953;ABOEUF6;260465;2025;1;1;41;12;50;0;;0;0
28954;ABOEUF6;258557;2025;1;1;41;12;25;0;;0;0
28955;ABF1;260778;2025;1;1;41;12;25;0;;0;0
28956;ABOEUF6;260778;2025;1;1;41;12;100;0;;0;0
28959;ABOEUF6;214;2025;1;1;41;12;50;0;;0;0
28960;ABF2;214;2025;1;1;41;12;25;0;;0;0
28961;ABF1;259137;2025;1;1;41;12;50;0;;0;0
28965;ABF2;258775;2025;1;1;41;12;50;0;AFA250259;0;0
28964;ABF1;425;2025;1;1;5;12;18;0;;0;0
28966;ABF1;260695;2025;1;1;41;12;46;0;;0;0
28968;APF15;258721;2025;1;1;41;12;25;25;;0;0
28970;ABOEUF6;258721;2025;1;1;41;12;75;0;AFA250248;0;0
28972;ABF1;258294;2025;1;1;44;12;10;0;AFA250272;0;0
28973;ABF2;258773;2025;1;1;41;12;12;0;;0;0
28974;APS15;260697;2025;1;1;41;12;25;25;AFA250166;0;0
28975;ABOEUF6;260697;2025;1;1;41;12;25;0;AFA250248;0;0
28977;APS;171;2025;1;1;41;12;42;50;;0;0
28980;ABF1;258990;2025;1;1;41;12;33;0;AFA250272;0;0
28981;APS;258510;2025;1;1;41;12;50;50;;0;0
28982;ABF1;258510;2025;1;1;41;12;7;0;;0;0
28986;ABOEUF6;260456;2025;1;1;41;12;50;0;;0;0
28989;ABOEUF6;260639;2025;1;1;41;12;100;0;;0;0
28991;APS15;259194;2025;1;1;41;12;25;25;AFA250166;0;0
28992;ABF2;259439;2025;1;1;41;12;25;0;;0;0
28993;APS15;439;2025;1;1;5;12;25;25;;0;0
28995;ABOEUF6;236;2025;1;1;41;12;50;0;;0;0
28996;ABOEUF6;259928;2025;1;1;41;12;50;0;;0;0
28997;APS15;260158;2025;1;1;41;12;25;25;;0;0
29079;ABOEUF6;257725;2025;1;1;41;12;100;0;;0;0
29078;ABF1;257725;2025;1;1;41;12;50;0;AFA250271;0;0
29001;APS15;259270;2025;1;1;41;12;25;25;;0;0
29003;ABOEUF6;259270;2025;1;1;41;12;25;0;;0;0
29007;ABOEUF6;21678;2025;1;1;41;12;50;0;;0;0
29008;ABF2;21678;2025;1;1;41;12;21;0;;0;0
29009;ABOEUF6;259609;2025;1;1;41;12;50;0;;0;0
29010;ABF1;259609;2025;1;1;41;12;25;0;;0;0
29011;ABOEUF6;545;2025;1;1;5;12;50;0;;0;0
29012;ABF1;545;2025;1;1;5;12;10;0;;0;0
29013;ABOEUF6;166154;2025;1;1;20;12;50;0;;0;0
29016;MPSSO;260758;2025;1;1;5;12;10;50;;0;0
29019;APS;260808;2025;1;1;41;12;50;50;;0;0
29035;MPSSO;260475;2025;1;1;5;12;24;50;;0;0
29036;MPSSO;260475;2025;1;1;5;12;24;50;;0;0
29037;MPSSO;260475;2025;1;1;5;12;24;50;;0;0
29038;MPSSO;260475;2025;1;1;5;12;24;50;;0;0
29039;MPSSO;260475;2025;1;1;5;12;24;50;;0;0
29040;MPSSO;260475;2025;1;1;5;12;24;50;;0;0
29044;ABOEUF6;242178;2025;1;1;41;12;50;0;;0;0
29045;ABOEUF6;44513;2025;1;1;41;12;50;0;;0;0
29046;ABOEUF6;259715;2025;1;1;41;12;50;0;;0;0
29047;ABF2;258281;2025;1;1;41;12;25;0;;0;0
29101;ABOEUF6;451;2025;1;1;41;12;50;0;;0;0
29049;ABF1;258061;2025;1;1;41;12;50;0;;0;0
29050;ABF2;259436;2025;1;1;41;12;44;0;;0;0
29051;ABF1;258038;2025;1;1;41;12;25;0;;0;0
29052;ABOEUF6;443;2025;1;1;41;12;50;0;;0;0
29053;ABF2;443;2025;1;1;41;12;24;0;AFA250259;0;0
29054;ABOEUF6;2336;2025;1;1;43;12;25;0;;0;0
29055;ABF1;259318;2025;1;1;41;12;50;0;AFA250271;0;0
29056;ABOEUF6;49909;2025;1;1;41;12;50;0;AFA250246;0;0
29057;ABF3;577;2025;1;1;41;12;13;0;;0;0
29058;ABOEUF6;259382;2025;1;1;41;12;50;0;;0;0
29059;ABOEUF6;259243;2025;1;1;41;12;50;0;;0;0
29060;ABF2;258942;2025;1;1;41;12;25;0;;0;0
29061;ABOEUF6;259852;2025;1;1;41;12;50;0;;0;0
29062;ABF1;259852;2025;1;1;41;12;25;0;;0;0
29063;ABF3;260015;2025;1;1;41;12;50;0;;0;0
29064;ABF3;260519;2025;1;1;41;12;3;0;AFA250254;0;0
29065;ABOEUF6;518;2025;1;1;41;12;50;0;;0;0
29066;APS;257961;2025;1;1;41;12;50;50;AFA250173;0;0
29067;ABOEUF6;257961;2025;1;1;41;12;50;0;;0;0
29068;ABF3;257961;2025;1;1;41;12;18;0;;0;0
29069;ABOEUF6;1573;2025;1;1;41;12;50;0;;0;0
29071;APS;260342;2025;1;1;41;12;38;50;;0;0
29074;ABF1;66778;2025;1;1;41;12;50;0;;0;0
29075;ABOEUF6;66778;2025;1;1;41;12;50;0;;0;0
29159;ABF1;1589;2025;1;1;41;12;12;0;;0;0
29077;ABOEUF6;260158;2025;1;1;41;12;50;0;;0;0
29080;APS15;68942;2025;1;1;41;12;25;25;AFA250166;0;0
29327;ABOEUF6;299;2025;1;1;41;12;50;0;;0;0
29083;ABF2;258622;2025;1;1;5;12;50;0;;0;0
29084;ABF2;258770;2025;1;1;41;12;50;0;AFA250258;0;0
29085;ABOEUF6;258346;2025;1;1;41;12;50;0;AFA250245;0;0
29086;ABOEUF6;592;2025;1;1;41;12;50;0;;0;0
29087;ABF1;259270;2025;1;1;41;12;29;0;AFA250271;0;0
29088;ABF2;258911;2025;1;1;44;12;4;0;;0;0
29089;ABOEUF6;258911;2025;1;1;44;12;4;0;;0;0
29090;ABOEUF6;54;2025;1;1;41;12;50;0;AFA250245;0;0
29092;ABF1;258818;2025;1;1;41;12;45;0;AFA250270;0;0
29529;ABF1;260815;2025;1;1;41;12;25;0;;0;0
29528;ABOEUF6;260815;2025;1;1;41;12;50;0;;0;0
29527;APS;260815;2025;1;1;41;12;50;50;;0;0
29097;ABOEUF6;380;2025;1;1;41;12;50;0;;0;0
29100;ABOEUF6;260422;2025;1;1;41;12;25;0;AFA250245;0;0
29102;ABF2;173;2025;1;1;41;12;50;0;;0;0
29103;ABOEUF6;351;2025;1;1;41;12;50;0;;0;0
29104;ABF1;237779;2025;1;1;41;12;50;0;;0;0
29105;ABOEUF6;473;2025;1;1;41;12;50;0;;0;0
29106;ABOEUF6;24312;2025;1;1;41;12;50;0;;0;0
29109;ABF2;258794;2025;1;1;41;12;25;0;;0;0
29110;ABF2;47476;2025;1;1;40;12;25;0;;0;0
29111;ABOEUF6;85;2025;1;1;41;12;50;0;;0;0
29112;ABF2;85;2025;1;1;41;12;25;0;;0;0
29113;APS15;260737;2025;1;1;41;12;25;25;AFA250165;0;0
29115;ABF1;260402;2025;1;1;20;12;50;0;;0;0
29116;ABOEUF6;260402;2025;1;1;20;12;25;0;AFA250244;0;0
29117;ABOEUF6;257824;2025;1;1;41;12;50;0;;0;0
29118;ABF1;257660;2025;1;1;41;12;25;0;AFA250270;0;0
29119;ABF1;249807;2025;1;1;41;12;25;0;;0;0
29120;APS;478;2025;1;1;41;12;50;50;AFA250173;0;0
29122;APS;154;2025;1;1;5;12;50;50;;0;0
29123;ABF1;258339;2025;1;1;41;12;50;0;AFA250270;0;0
29124;ABF1;123107;2025;1;1;41;12;50;0;;0;0
29125;ABF1;115;2025;1;1;41;12;12;0;;0;0
29126;ABOEUF6;77;2025;1;1;41;12;25;0;;0;0
29127;ABOEUF6;336;2025;1;1;41;12;25;0;;0;0
29128;ABF1;48803;2025;1;1;41;12;50;0;AFA250270;0;0
29129;ABOEUF6;165;2025;1;1;41;12;50;0;;0;0
29131;ABF1;251610;2025;1;1;41;12;17;0;;0;0
29132;ABF3;257879;2025;1;1;41;12;50;0;;0;0
29133;ABOEUF6;257879;2025;1;1;41;12;50;0;;0;0
29134;ABOEUF6;259392;2025;1;1;41;12;50;0;;0;0
29135;ABF1;259392;2025;1;1;41;12;25;0;AFA250269;0;0
29137;APS15;259380;2025;1;1;41;12;25;25;;0;0
29138;ABF1;259380;2025;1;1;41;12;25;0;;0;0
29146;ABOEUF6;1571;2025;1;1;41;12;100;0;;0;0
29145;ABF1;260444;2025;1;1;41;12;25;0;AFA250269;0;0
29147;ABF2;260201;2025;1;1;41;12;25;0;AFA250258;0;0
29149;APS;258724;2025;1;1;5;12;50;50;;0;0
29150;ABF1;259545;2025;1;1;41;12;50;0;;0;0
29166;ABF1;260391;2025;1;1;41;12;50;0;;0;0
29167;ABF2;125845;2025;1;1;41;12;50;0;;0;0
29168;ABOEUF6;125845;2025;1;1;41;12;50;0;;0;0
29204;ABOEUF6;260375;2025;1;1;41;12;50;0;;0;0
29171;APSS12;257801;2025;1;1;5;12;12;12;;0;0
29172;ABOEUF6;258522;2025;1;1;41;12;12;0;;0;0
29173;APF;259435;2025;1;1;41;12;50;50;;0;0
29174;ABF2;259435;2025;1;1;41;12;9;0;;0;0
29360;ABOEUF6;260249;2025;1;1;44;12;50;0;AFA250243;0;0
29179;APF15;258466;2025;1;1;41;12;25;25;;0;0
29178;ABOEUF6;258466;2025;1;1;41;12;50;0;;0;0
29184;ABF1;149;2025;1;1;41;12;21;0;AFA250269;0;0
29186;ABOEUF6;259383;2025;1;1;41;12;50;0;;0;0
29187;ABF1;259383;2025;1;1;41;12;25;0;AFA250269;0;0
29188;APF15;363;2025;1;1;41;12;25;25;;0;0
29189;ABF2;363;2025;1;1;41;12;25;0;AFA250257;0;0
29192;ABF1;259421;2025;1;1;5;12;25;0;;0;0
29193;ABF1;259645;2025;1;1;41;12;50;0;;0;0
29194;ABF3;259645;2025;1;1;41;12;50;0;;0;0
29195;ABOEUF6;259645;2025;1;1;41;12;50;0;AFA250243;0;0
29197;ABOEUF6;259348;2025;1;1;41;12;50;0;;0;0
29199;ABF2;112452;2025;1;1;44;12;12;0;AFA250257;0;0
29201;ABOEUF6;257664;2025;1;1;5;12;25;0;;0;0
29202;ABF2;259024;2025;1;1;44;12;25;0;;0;0
29203;ABF1;54513;2025;1;1;41;12;47;0;AFA250268;0;0
29205;ABF1;259489;2025;1;1;41;12;44;0;AFA250268;0;0
29206;ABOEUF6;260265;2025;1;1;41;12;25;0;;0;0
29207;ABF1;260265;2025;1;1;41;12;10;0;;0;0
29209;ABF1;258846;2025;1;1;41;12;25;0;AFA250268;0;0
29210;ABF2;266;2025;1;1;43;12;25;0;;0;0
29211;ABOEUF6;120;2025;1;1;41;12;100;0;;0;0
29212;ABF2;120;2025;1;1;41;12;25;0;;0;0
29213;ABF2;586;2025;1;1;43;12;50;0;;0;0
29214;ABOEUF6;586;2025;1;1;43;12;100;0;;0;0
29215;ABF1;202;2025;1;1;41;12;50;0;;0;0
29216;APS15;260486;2025;1;1;41;12;25;25;AFA250165;0;0
29217;ABF1;260486;2025;1;1;41;12;25;0;;0;0
29219;ABOEUF6;259958;2025;1;1;41;12;50;0;AFA250242;0;0
29220;ABF1;259958;2025;1;1;41;12;25;0;;0;0
29221;APS15;260766;2025;1;1;5;12;2;25;AFA250165;0;0
29224;ABOEUF6;244231;2025;1;1;41;12;50;0;;0;0
29225;ABF1;260658;2025;1;1;41;12;25;0;;0;0
29226;ABF1;137401;2025;1;1;41;12;25;0;AFA250268;0;0
29227;ABOEUF6;362;2025;1;1;41;12;50;0;;0;0
29621;ABF1;1581;2025;1;2;26;11;11;0;;0;0
29229;ABOEUF6;258425;2025;1;1;41;12;100;0;;0;0
29556;APS;260411;2025;1;1;0;12;40;50;;0;0
29231;ABF1;260393;2025;1;1;41;12;25;0;;0;0
29232;ABF1;65196;2025;1;1;41;12;25;0;;0;0
29233;ABF1;260076;2025;1;1;40;12;25;0;;0;0
29234;APS15;260739;2025;1;1;41;12;25;25;;0;0
29235;ABF1;260739;2025;1;1;41;12;25;0;;0;0
29236;ABF3;356;2025;1;1;41;12;50;0;;0;0
29237;ABOEUF6;356;2025;1;1;41;12;50;0;;0;0
29241;MPSSO;260081;2025;1;1;5;12;25;50;;0;0
29242;MPSSO;260081;2025;1;1;5;12;25;50;;0;0
29243;MPSSO;260081;2025;1;1;5;12;25;50;;0;0
29244;MPSSO;260081;2025;1;1;5;12;25;50;AFA250156;0;0
29245;MPSSO;260081;2025;1;1;5;12;25;50;;0;0
29247;MPSSO;260081;2025;1;1;5;12;25;50;;0;0
29248;ABF2;260081;2025;1;1;5;12;100;0;;0;0
29249;ABF1;260018;2025;1;1;5;12;25;0;;0;0
29250;ABF1;178012;2025;1;1;41;12;25;0;AFA250267;0;0
29252;ABF1;258065;2025;1;1;41;12;35;0;;0;0
29253;ABOEUF6;258151;2025;1;1;41;12;50;0;;0;0
29256;ABOEUF6;539;2025;1;1;5;12;12;0;;0;0
29255;ABF1;258151;2025;1;1;41;12;41;0;;0;0
29257;ABOEUF6;258757;2025;1;1;41;12;50;0;;0;0
29258;ABF2;258757;2025;1;1;41;12;44;0;;0;0
29260;MPSSO;260799;2025;1;1;5;12;18;50;;0;0
29261;MPSSO;260802;2025;1;1;5;12;19;50;;0;0
29262;MPSSO;260806;2025;1;1;5;12;20;50;;0;0
29266;MPSSO;260809;2025;1;1;5;12;25;50;;0;0
29267;ABOEUF6;259857;2025;1;1;41;12;50;0;AFA250241;0;0
29268;ABF1;259857;2025;1;1;41;12;25;0;AFA250267;0;0
29269;MPSSO;260810;2025;1;1;13;12;25;50;;0;0
29270;ABF2;259463;2025;1;1;41;12;24;0;;0;0
29271;APF15;259811;2025;1;1;41;12;25;25;;0;0
29272;ABOEUF6;259811;2025;1;1;41;12;75;0;;0;0
29273;MPSSO;260811;2025;1;1;5;12;25;50;;0;0
29274;ABF3;259811;2025;1;1;41;12;25;0;AFA250254;0;0
29281;APS15;260714;2025;1;1;41;12;25;25;;0;0
29522;APS;260171;2025;1;1;0;12;50;50;;0;0
29283;ABOEUF6;260714;2025;1;1;41;12;75;0;AFA250241;0;0
29286;MPSSO;260742;2025;1;1;5;12;50;50;;0;0
29287;MPSSO;260791;2025;1;1;40;12;50;50;;0;0
29288;MPSSO;260734;2025;1;1;40;12;50;50;;0;0
29290;ABF2;89;2025;1;1;41;12;50;0;AFA250257;0;0
29291;ABF1;260759;2025;1;1;41;12;50;0;;0;0
29292;ABOEUF6;260759;2025;1;1;41;12;50;0;;0;0
29293;ABF1;111932;2025;1;1;41;12;25;0;;0;0
29294;ABOEUF6;111932;2025;1;1;41;12;100;0;AFA250241;0;0
29295;ABF1;258801;2025;1;1;41;12;25;0;AFA250266;0;0
29296;ABF2;258799;2025;1;1;41;12;25;0;AFA250256;0;0
29297;ABOEUF6;1579;2025;1;1;41;12;25;0;AFA250241;0;0
29298;ABOEUF6;258809;2025;1;1;5;12;50;0;;0;0
29299;ABF1;258809;2025;1;1;5;12;25;0;;0;0
29300;ABF1;260224;2025;1;1;41;12;36;0;;0;0
29301;ABOEUF6;260224;2025;1;1;41;12;4;0;;0;0
29302;ABF1;431;2025;1;1;41;12;50;0;AFA250266;0;0
29303;ABOEUF6;431;2025;1;1;41;12;100;0;;0;0
29304;ABF2;258095;2025;1;1;41;12;29;0;AFA250256;0;0
29305;MPSH;260224;2025;1;1;41;12;36;0;;0;0
29307;ABF2;259412;2025;1;1;41;12;25;0;;0;0
29542;APS;260817;2025;1;1;41;12;49;50;;0;0
29309;ABOEUF6;169;2025;1;1;20;12;100;0;;0;0
29310;ABF1;169;2025;1;1;20;12;50;0;;0;0
29413;APS;158804;2025;1;1;0;12;50;50;;0;0
29312;ABOEUF6;260719;2025;1;1;41;12;50;0;;0;0
29313;ABF1;260223;2025;1;1;41;12;2;0;;0;0
29554;ABF2;359;2025;1;1;41;12;41;0;;0;0
29383;ABF1;54498;2025;1;1;5;12;50;0;;0;0
29533;ABF1;258357;2025;1;1;41;12;48;0;;0;0
29317;ABOEUF6;260368;2025;1;1;41;12;50;0;AFA250240;0;0
29318;ABF1;258602;2025;1;1;41;12;50;0;AFA250266;0;0
29319;ABF1;257701;2025;1;1;41;12;50;0;;0;0
29320;ABF2;457;2025;1;1;41;12;50;0;AFA250256;0;0
29321;ABOEUF6;457;2025;1;1;41;12;50;0;;0;0
29322;ABF1;260680;2025;1;1;41;12;50;0;;0;0
29323;ABOEUF6;260680;2025;1;1;41;12;50;0;;0;0
29324;ABOEUF6;259427;2025;1;1;41;12;8;0;;0;0
29325;ABF1;259165;2025;1;1;20;12;25;0;;0;0
29612;ABOEUF6;260527;2025;1;1;41;12;25;0;AFA250276;0;0
29328;ABOEUF6;156;2025;1;1;41;12;50;0;;0;0
29546;APS15;260252;2025;1;1;41;12;25;25;;0;0
29330;ABF1;258282;2025;1;1;41;12;50;0;;0;0
29331;ABF1;258604;2025;1;1;41;12;25;0;;0;0
29332;ABF2;119994;2025;1;1;41;12;50;0;AFA250256;0;0
29333;ABF1;258127;2025;1;1;41;12;50;0;;0;0
29334;ABOEUF6;258531;2025;1;1;41;12;50;0;;0;0
29572;ABF1;259498;2025;1;1;5;12;1;0;;0;0
29336;ABF1;257772;2025;1;1;20;12;50;0;;0;0
29337;APDS;257772;2025;1;1;20;12;50;50;;0;0
29339;APS15;260783;2025;1;1;41;12;25;25;AFA250165;0;0
29340;ABF3;260783;2025;1;1;41;12;25;0;AFA250254;0;0
29540;ABF1;260451;2025;1;1;5;12;1;0;;0;0
29342;ABF1;260162;2025;1;1;41;12;25;0;;0;0
29345;APS15;259117;2025;1;1;41;12;19;25;;0;0
29347;APF;260772;2025;1;1;41;12;50;50;AFA250228;0;0
29614;APS;259057;2025;1;1;41;12;50;50;;0;0
29349;ABOEUF6;260772;2025;1;1;41;12;200;0;AFA250240;0;0
29351;ABF3;260775;2025;1;1;41;12;25;0;;0;0
29515;ABOEUF6;259976;2025;1;1;41;12;50;0;;0;0
29355;APF;258184;2025;1;1;0;12;50;50;;0;0
29356;ABF1;259543;2025;1;1;41;12;50;0;;0;0
29358;MPFH;498;2025;1;1;0;12;12;0;;0;0
29359;MPSH;498;2025;1;1;0;12;12;0;;0;0
29362;ABF1;260249;2025;1;1;44;12;50;0;AFA250264;0;0
29363;ABF1;139;2025;1;1;41;12;25;0;;0;0
29364;ABOEUF6;139;2025;1;1;41;12;50;0;;0;0
29365;ABF1;259040;2025;1;1;41;12;25;0;;0;0
29366;MPSH;258663;2025;1;1;0;12;12;0;;0;0
29367;MPSH;82665;2025;1;1;0;12;12;0;;0;0
29368;APF;259039;2025;1;1;0;12;50;50;;0;0
29369;APF;260175;2025;1;1;0;12;50;50;;0;0
29370;APS;257535;2025;1;1;0;12;50;50;;0;0
29371;APS;257538;2025;1;1;0;12;50;50;;0;0
29372;ABF1;260749;2025;1;1;44;12;50;0;;0;0
29373;APS;257539;2025;1;1;0;12;50;50;;0;0
29374;APS;257886;2025;1;1;0;12;50;50;;0;0
29375;MPSH;260592;2025;1;1;0;12;12;0;;0;0
29376;MPSH;185999;2025;1;1;0;12;12;0;;0;0
29377;ABF2;260594;2025;1;1;20;12;25;0;AFA250256;0;0
29378;APS;260559;2025;1;1;0;12;50;50;;0;0
29379;MPSSO;257860;2025;1;1;0;12;50;50;;0;0
29380;ABF1;258948;2025;1;1;41;12;50;0;;0;0
29493;MPSSO;190584;2025;1;1;5;12;1;50;;0;0
29491;ABF1;1551;2025;1;1;41;12;25;0;;0;0
29384;ABOEUF6;54498;2025;1;1;5;12;50;0;;0;0
29385;ABF1;258075;2025;1;1;5;12;11;0;;0;0
29386;APS;260813;2025;1;1;41;12;50;50;;0;0
29387;ABF1;260813;2025;1;1;41;12;25;0;;0;0
29388;ABF3;259337;2025;1;1;41;12;46;0;;0;0
29389;APS15;166;2025;1;1;41;12;8;25;;0;0
29391;ABOEUF6;259452;2025;1;1;41;12;50;0;AFA250239;0;0
29412;ABF2;259805;2025;1;1;41;12;25;0;AFA250256;0;0
29393;ABF1;258634;2025;1;1;41;12;50;0;;0;0
29394;ABOEUF6;260142;2025;1;1;41;12;100;0;;0;0
29395;ABF3;260492;2025;1;1;41;12;50;0;AFA250253;0;0
29396;ABF1;436;2025;1;1;41;12;50;0;AFA250263;0;0
29397;ABOEUF6;260225;2025;1;1;41;12;50;0;;0;0
29398;ABF1;260225;2025;1;1;41;12;25;0;AFA250263;0;0
29399;ABF1;259605;2025;1;1;41;12;50;0;AFA250263;0;0
29400;ABOEUF6;259605;2025;1;1;41;12;100;0;;0;0
29401;ABOEUF6;458;2025;1;1;41;12;50;0;AFA250239;0;0
29402;ABF1;458;2025;1;1;41;12;50;0;;0;0
29403;ABF1;342;2025;1;1;41;12;50;0;AFA250263;0;0
29404;ABOEUF6;342;2025;1;1;41;12;50;0;;0;0
29405;ABF1;258060;2025;1;1;41;12;50;0;;0;0
29406;ABF2;166;2025;1;1;41;12;23;0;AFA250256;0;0
29407;ABF3;42348;2025;1;1;41;12;8;0;AFA250253;0;0
29408;ABF2;212873;2025;1;1;41;12;35;0;AFA250256;0;0
29409;ABOEUF6;258774;2025;1;1;41;12;100;0;AFA250239;0;0
29410;ABF3;258774;2025;1;1;41;12;45;0;AFA250253;0;0
29411;ABF3;259452;2025;1;1;41;12;44;0;AFA250253;0;0
29414;APS;158805;2025;1;1;0;12;50;50;;0;0
29415;APF;158810;2025;1;1;0;12;50;50;;0;0
29416;APF;158811;2025;1;1;0;12;50;50;;0;0
29417;APS;259016;2025;1;1;0;12;50;50;;0;0
29418;APS;259017;2025;1;1;0;12;50;50;;0;0
29419;APDS;259018;2025;1;1;0;12;50;50;;0;0
29420;MPSSO;259706;2025;1;1;0;12;25;50;;0;0
29421;MPSSO;259706;2025;1;1;0;12;25;50;;0;0
29422;MPSSO;259706;2025;1;1;0;12;25;50;;0;0
29423;MPSSO;259706;2025;1;1;0;12;25;50;;0;0
29424;MPSSO;259706;2025;1;1;0;12;25;50;;0;0
29425;MPSSO;259706;2025;1;1;0;12;25;50;;0;0
29426;MPSSO;259706;2025;1;1;0;12;25;50;;0;0
29427;MPSSO;259706;2025;1;1;0;12;25;50;;0;0
29428;MPSSO;259706;2025;1;1;0;12;25;50;;0;0
29429;MPSSO;259706;2025;1;1;0;12;25;50;;0;0
29581;MPSSO;260825;2025;1;2;41;11;25;50;;0;0
29440;ABF1;272;2025;1;1;41;12;20;0;;0;0
29550;ABF2;259607;2025;1;1;5;12;25;0;;0;0
29442;ABOEUF6;257629;2025;1;1;5;12;50;0;;0;0
29443;ABF1;257629;2025;1;1;5;12;25;0;;0;0
29444;ABF2;259176;2025;1;1;41;12;50;0;;0;0
29445;ABOEUF6;259176;2025;1;1;41;12;50;0;;0;0
29446;ABF1;260435;2025;1;1;41;12;12;0;;0;0
29447;ABOEUF6;260660;2025;1;1;41;12;75;0;;0;0
29448;ABF1;260660;2025;1;1;41;12;25;0;AFA250263;0;0
29449;ABF1;257680;2025;1;1;41;12;25;0;AFA250262;0;0
29450;ABF1;535;2025;1;1;41;12;50;0;;0;0
29451;ABOEUF6;535;2025;1;1;41;12;50;0;AFA250238;0;0
29452;ABF1;259522;2025;1;1;41;12;12;0;;0;0
29454;ABF1;259970;2025;1;1;41;12;25;0;;0;0
29455;ABF1;260694;2025;1;1;41;12;25;0;;0;0
29457;APS15;166;2025;1;1;41;12;25;25;AFA250164;0;0
29458;ABOEUF6;259389;2025;1;1;41;12;25;0;AFA250238;0;0
29459;ABF1;259389;2025;1;1;41;12;25;0;;0;0
29460;APS15;259621;2025;1;1;41;12;25;25;AFA250164;0;0
29462;ABF1;260441;2025;1;1;41;12;25;0;;0;0
29463;ABOEUF6;260441;2025;1;1;41;12;50;0;AFA250238;0;0
29464;ABF3;259156;2025;1;1;41;12;50;0;AFA250253;0;0
29465;ABF3;413;2025;1;1;41;12;11;0;AFA250253;0;0
29466;APF;260711;2025;1;1;41;12;50;50;;0;0
29467;ABF1;239121;2025;1;1;41;12;50;0;;0;0
29468;ABF3;239121;2025;1;1;41;12;50;0;;0;0
29469;APF;239121;2025;1;1;41;12;50;50;AFA250228;0;0
29470;ABF1;258443;2025;1;1;41;12;50;0;;0;0
29471;ABOEUF6;258443;2025;1;1;41;12;100;0;;0;0
29472;ABOEUF6;374;2025;1;1;41;12;50;0;;0;0
29473;APF15;260776;2025;1;1;41;12;25;25;;0;0
29474;ABOEUF6;260776;2025;1;1;41;12;50;0;;0;0
29476;ABOEUF6;257847;2025;1;1;41;12;100;0;;0;0
29477;ABOEUF6;257603;2025;1;1;41;12;50;0;AFA250238;0;0
29478;ABOEUF6;117;2025;1;1;41;12;100;0;;0;0
29479;ABF2;417;2025;1;1;41;12;50;0;;0;0
29480;ABF3;259786;2025;1;1;41;12;50;0;;0;0
29481;ABF2;251;2025;1;1;41;12;50;0;;0;0
29482;ABF1;258865;2025;1;1;41;12;50;0;;0;0
29483;ABOEUF6;259786;2025;1;1;41;12;100;0;AFA250237;0;0
29484;ABOEUF6;375;2025;1;1;41;12;25;0;AFA250237;0;0
29487;MPSSO;190584;2025;1;1;5;12;1;50;;0;0
29486;ABOEUF6;258298;2025;1;1;5;12;50;0;;0;0
29488;MPSSO;190584;2025;1;1;5;12;1;50;;0;0
29489;MPSSO;190584;2025;1;1;5;12;1;50;;0;0
29495;APF15;210;2025;1;1;41;12;25;25;AFA250226;0;0
29496;APS15;210;2025;1;1;41;12;25;25;;0;0
29497;ABF1;210;2025;1;1;41;12;25;0;;0;0
29499;ABF2;258222;2025;1;1;41;12;25;0;;0;0
29500;ABOEUF6;258222;2025;1;1;41;12;25;0;;0;0
29501;APDS15;260285;2025;1;1;41;12;25;25;;0;0
29502;ABOEUF6;260285;2025;1;1;41;12;50;0;AFA250237;0;0
29503;APS15;145109;2025;1;1;5;12;25;25;;0;0
29505;ABOEUF6;268;2025;1;1;41;12;50;0;;0;0
29506;APS;260630;2025;1;1;41;12;50;50;;0;0
29510;ABF2;562;2025;1;1;41;12;1;0;;0;0
29511;APDS15;562;2025;1;1;41;12;25;25;;0;0
29513;ABF3;117;2025;1;1;41;12;25;0;;0;0
29514;APS15;259847;2025;1;1;41;12;25;25;;0;0
29516;ABF2;258079;2025;1;1;41;12;50;0;;0;0
29517;ABOEUF6;257595;2025;1;1;43;12;50;0;;0;0
29518;ABF1;260711;2025;1;1;41;12;50;0;AFA250261;0;0
29519;ABF2;260746;2025;1;1;41;12;50;0;;0;0
29520;ABOEUF6;260746;2025;1;1;41;12;50;0;AFA250237;0;0
29521;APS;258441;2025;1;1;41;12;50;50;;0;0
29523;ABOEUF6;258842;2025;1;1;41;12;25;0;AFA250237;0;0
29524;ABF3;260136;2025;1;1;41;12;50;0;;0;0
29525;ABOEUF6;212;2025;1;1;41;12;50;0;;0;0
29553;ABF1;260290;2025;1;1;41;12;44;0;;0;0
29531;APS15;259541;2025;1;1;41;12;25;25;;0;0
29561;ABF4;260821;2025;1;1;0;12;50;0;;0;0
29562;ABF1;622;2025;1;1;41;12;25;0;;0;0
29563;APS15;260558;2025;1;1;41;12;25;25;;0;0
29566;MPSSO;260654;2025;1;1;40;12;49;50;;0;0
29620;ABF1;258502;2025;1;1;41;12;43;0;;0;0
29594;MPSH;257751;2025;1;2;40;11;3;0;;0;0
29571;ABF2;237834;2025;1;1;41;12;25;0;AFA250255;0;0
29574;ABF1;260285;2025;1;1;41;12;25;0;;0;0
29582;APS;260826;2025;1;2;41;11;47;50;;0;0
29584;APDF;260681;2025;1;2;41;11;46;50;;0;0
29589;MPSSO;260828;2025;1;2;44;11;25;50;;0;0
29588;MPSSO;260827;2025;1;2;44;11;25;50;AFA250154;0;0
29590;MPSSO;260007;2025;1;2;24;11;1;50;;0;0
29591;ABF4;260369;2025;1;2;5;11;188;0;;0;0
29592;ABF4;260829;2025;1;2;5;11;282;0;;0;0
29593;ABOEUF6;258594;2025;1;2;41;11;49;0;;0;0
29598;MPSH;257751;2025;1;11;27;2;5;0;;0;0
29602;ABF1;258903;2025;1;2;0;11;1;0;;0;0
29600;MPSH;633;2025;1;2;0;11;1;0;;0;0
29603;ABF1;260196;2025;1;2;26;11;23;0;AFA250275;0;0
29609;APF;260830;2025;1;2;26;11;47;50;AFA250275;0;0
29622;APS15;259190;2025;1;2;5;11;23;25;;0;0
29610;ABOEUF6;260830;2025;1;2;26;11;48;0;AFA250275;0;0
29608;APS15;1581;2025;1;2;41;11;23;25;AFA250276;0;0
29611;ABF1;260830;2025;1;2;26;11;24;0;AFA250276;0;0
29623;ABOEUF6;259190;2025;1;2;5;11;23;0;;0;0
29624;APS15;260835;2025;1;2;41;11;23;25;AFA250279;0;0
29625;ABOEUF6;260835;2025;1;2;41;11;23;0;AFA250279;0;0
29626;ABF1;260835;2025;1;2;41;11;23;0;AFA250279;0;0
29627;APS15;260836;2025;1;2;26;11;23;25;AFA250280;0;0
29629;APS;44513;2025;1;2;0;11;1;50;;0;0
29630;ABOEUF6;44513;2025;1;2;0;11;1;0;;0;0
29631;ABOEUF6;260077;2025;1;2;43;11;46;0;AFA250278;0;0
29632;APS;260837;2025;1;2;44;11;46;50;AFA250278;0;0
29633;ABOEUF6;260837;2025;1;2;44;11;23;0;AFA250278;0;0
29634;ABF1;260837;2025;1;2;44;11;46;0;AFA250278;0;0
29635;MPSSO;260007;2025;1;2;6;11;20;0;;0;0
29636;MPSSO;260838;2025;1;2;5;11;25;0;AFA250279;0;0
29637;MPSSO;260839;2025;1;2;5;11;25;0;AFA250279;0;0
29638;MPSSO;260840;2025;1;2;44;11;25;0;AFA250279;0;0
29639;APS;260841;2025;1;2;44;11;46;50;AFA250279;0;0
29640;ABF1;260841;2025;1;2;44;11;46;0;AFA250279;0;0
29641;ABOEUF6;260841;2025;1;2;44;11;46;0;AFA250279;0;0
29642;APS15;260451;2025;1;2;41;11;23;25;;0;0
29643;APS15;260842;2025;1;2;44;11;23;25;AFA250281;0;0
29645;APS;260844;2025;1;2;26;11;46;50;AFA250281;0;0
